10 直道分布熵
21 平均上坡长度
30 飞跃分布熵
129 用户在弯道上悬空控制的分布熵
308 用户在上坡中左右转向的平均时间
322 用户在上坡过程中同时前进和转向的总时间
439 飞跃过程中因碰撞而翻滚的时间分布熵
455 飞跃过程中玩家碰撞切有操作的方差
489 飞跃过程中极大转速的分布熵

1.(1.223)减少直道分布熵，上坡平均长度和大量减少飞跃分布熵。 
  --》降低难度：
	更容易提高速度
 	减少飞跃带来的失控状态
2.(0.0497)增加直道分布熵和上坡长度,减少飞跃分布熵
  增加上坡冲刺和上坡到来前的赛道难度
  导致：
  增加玩家上坡过程中的左右操作和同时前进和左右时间
  --》上坡前更难，冲刺过程中的控制增加乐趣
3.(0.0299)减少直道和飞跃分布熵，增加上坡长度
  导致：
  强烈的上坡控制时间增加，
  --》直接的飞跃增加乐趣
4.(0.0144)减少上坡的平均长度
  导致：
  增加上坡中的控制时间，减少飞跃中的各种操作
  --》上坡控制更容易，飞跃更舒心
5.(0.0102)增加上坡平均长度
  导致：
  上坡中左右控制增加，极大减少上坡中同时前进和左右控制的时间，增加飞跃中的异常状态
  --》上坡和飞跃的难度同时增加。

	1(0.1223)		2(0.049)		3(0.0299)		4(0.0144)		5(0.0102)
10	-0.0549110483666465	0.895599709841329	-0.435980637605035	0.0130013681386857	-0.0169112815687131
21	-0.205511885372366	0.362264879687585	0.735546147420790	-0.437151231992868	0.212226636058515
30	-0.967859697863056	-0.150123258654105	-0.186772872832453	0.0257687715586476	-0.0156853200026151
129	-0.0170741859308884	-0.0398958485892442	0.0309774755649358	0.0963936685546398	-0.0733966994331760
308	-0.0661864251450419	0.134028021588730	0.283887056805608	0.817672090384110	0.465889313769942
322	-0.0892493815030975	0.155050637039530	0.385530491987324	0.265477728772232	-0.789135427993498
439	-0.0593679568495322	0.00804118841623904	-0.00372824920978809	-0.117883162159595	0.00323800991865875
455	-0.0333668244290432	-0.00930608204004030	-0.0379534191271419	-0.0926356753350928	0.162267825644379
489	-0.0268649384899857	-0.0195235924472771	0.0486729441284054	-0.192951070833676	0.287944179320624
